[
    {
        "background": [
            4.0
        ],
        "peak": [
            {
                "d-space": [
                    145.52177,
                    0.0031581213,
                    0.00363949255,
                    -143.496474,
                    -143.500658
                ],
                "height": [
                    -161854953.0,
                    -79.0551608,
                    -186.863466,
                    184245125.0,
                    -501600.833,
                    875.674029,
                    3718.25217,
                    -5174251.37,
                    365458422.0,
                    -3905.56882,
                    -22577.3282,
                    186844720.0,
                    -228359051.0,
                    8221.52351,
                    56728.0685,
                    -307040812.0,
                    9140947.89,
                    -8055.94617,
                    -62619.4032,
                    124648536.0,
                    -5651246.2,
                    2948.82628,
                    25187.8566,
                    -21668284.7,
                    21767852.1
                ],
                "profile": 0,
                "width": [
                    0.03296637
                ]
            }
        ],
        "range": [
            [
                11.700006,
                12.079979
            ],
            [
                1.9937644,
                2.0582786
            ]
        ]
    },
    {
        "background": [
            4.0
        ],
        "peak": [
            {
                "d-space": [
                    -148.371656,
                    0.00132237912,
                    0.00175463473,
                    149.80556,
                    149.80148
                ],
                "height": [
                    20572405.6,
                    -9.25144706,
                    -5.38376022,
                    -21059906.5,
                    -6441728.06,
                    150.563973,
                    94.6366683,
                    -681122.757,
                    -39912572.4,
                    -706.638114,
                    -455.423181,
                    -6715925.03,
                    32660015.5,
                    1314.13614,
                    936.273739,
                    -1631163.3,
                    3307136.38,
                    -1046.32954,
                    -905.402148,
                    14441256.1,
                    -15109853.7,
                    297.575768,
                    339.65919,
                    -4925527.56,
                    4924595.47
                ],
                "profile": 0,
                "width": [
                    0.06473334
                ]
            }
        ],
        "range": [
            [
                16.600002,
                17.099998
            ],
            [
                1.4110823,
                1.4532731
            ]
        ]
    },
    {
        "background": [
            4.0
        ],
        "peak": [
            {
                "d-space": [
                    -138.852649,
                    0.000875848195,
                    0.00130742495,
                    140.024571,
                    140.021371
                ],
                "height": [
                    -294680.617,
                    -7.51087348,
                    -0.501955745,
                    171972.262,
                    3018864.58,
                    147.013354,
                    -39.7875774,
                    1008121.16,
                    1316680.09,
                    -864.958125,
                    482.478179,
                    -38049545.4,
                    2731119.7,
                    2040.88806,
                    -1765.21792,
                    94391685.0,
                    -43726823.3,
                    -2054.02403,
                    2455.9854,
                    -80777985.0,
                    60495141.2,
                    738.560951,
                    -1131.16306,
                    23550456.7,
                    -23540301.1
                ],
                "profile": 0,
                "width": [
                    0.05999371
                ]
            }
        ],
        "range": [
            [
                20.400015,
                20.89999
            ],
            [
                1.1566441,
                1.1846806
            ]
        ]
    }
]