
# Name
        BCC-Fe
# Symmetry
        cubic
# EOS stuff (v0, k0, k'0)
      23.5000      159.900      6.52000
# Elastic model
       1
# Parameters for isotropic elastic model (k0 k1 k2, g0, g1, g2)
      0.00000      0.00000      0.00000
      0.00000      0.00000      0.00000
# Parameters for anisotropic elastic model (Cij)
      223.000      127.000      127.000      0.00000      0.00000      0.00000
      127.000      223.000      127.000      0.00000      0.00000      0.00000
      127.000      127.000      223.000      0.00000      0.00000      0.00000
      0.00000      0.00000      0.00000      122.000      0.00000      0.00000
      0.00000      0.00000      0.00000      0.00000      122.000      0.00000
      0.00000      0.00000      0.00000      0.00000      0.00000      122.000
# Parameters for anisotropic elastic model (dCij/dp)
      6.12245      4.08163      4.08163      0.00000      0.00000      0.00000
      4.08163      6.12245      4.08163      0.00000      0.00000      0.00000
      4.08163      4.08163      6.12245      0.00000      0.00000      0.00000
      0.00000      0.00000      0.00000      2.44898      0.00000      0.00000
      0.00000      0.00000      0.00000      0.00000      2.44898      0.00000
      0.00000      0.00000      0.00000      0.00000      0.00000      2.44898
# Parameters for anisotropic elastic model (d2Cij/dp2)
      0.00000      0.00000      0.00000      0.00000      0.00000      0.00000
      0.00000      0.00000      0.00000      0.00000      0.00000      0.00000
      0.00000      0.00000      0.00000      0.00000      0.00000      0.00000
      0.00000      0.00000      0.00000      0.00000      0.00000      0.00000
      0.00000      0.00000      0.00000      0.00000      0.00000      0.00000
      0.00000      0.00000      0.00000      0.00000      0.00000      0.00000
